1 0.48046875 0.653125 0.0359375 0.0234375
1 0.59453125 0.65703125 0.025 0.0234375
1 0.3359375 0.65703125 0.0359375 0.03125
1 0.62421875 0.659375 0.025 0.028125
1 0.05703125 0.66171875 0.0359375 0.0328125
1 0.85078125 0.66171875 0.040625 0.040625
1 0.97265625 0.66171875 0.0453125 0.040625
1 0.0171875 0.66171875 0.025 0.0484375
1 0.38046875 0.66171875 0.025 0.0328125
1 0.415625 0.66328125 0.025 0.0359375
1 0.5171875 0.665625 0.0296875 0.025
1 0.7734375 0.665625 0.0359375 0.0328125
1 0.915625 0.6671875 0.05 0.04375
1 0.2484375 0.6671875 0.0296875 0.028125
1 0.6765625 0.68515625 0.0390625 0.0328125
1 0.159375 0.68515625 0.0296875 0.0328125
1 0.440625 0.68515625 0.0359375 0.040625
1 0.83046875 0.6875 0.0296875 0.028125
1 0.2140625 0.6875 0.040625 0.0359375
1 0.3859375 0.6875 0.0359375 0.028125
1 0.621875 0.69921875 0.05 0.0359375
1 0.75390625 0.703125 0.0359375 0.0359375
1 0.28125 0.703125 0.0546875 0.0515625
1 0.01015625 0.70703125 0.0203125 0.04375
1 0.79375 0.709375 0.0359375 0.0328125
1 0.11953125 0.709375 0.040625 0.040625
1 0.51953125 0.7109375 0.0546875 0.04375
1 0.071875 0.7234375 0.04375 0.04375
1 0.91796875 0.7234375 0.0453125 0.04375
1 0.853125 0.7328125 0.0359375 0.0484375
1 0.16953125 0.73515625 0.05 0.0515625
1 0.415625 0.73515625 0.0640625 0.04375
1 0.55234375 0.73671875 0.040625 0.040625
1 0.30078125 0.7546875 0.0546875 0.04375
1 0.6765625 0.75859375 0.059375 0.04375
1 0.34609375 0.78125 0.0640625 0.05625
1 0.81875 0.8484375 0.0953125 0.071875
1 0.634375 0.85625 0.084375 0.071875
1 0.340625 0.86640625 0.075 0.0765625
1 0.2359375 0.8828125 0.075 0.0765625
1 0.803125 0.94609375 0.125 0.084375
1 0.28125 0.96796875 0.1046875 0.0640625