1 0.53125 0.128125 0.065625 0.103125
1 0.4015625 0.13046875 0.0234375 0.05625
1 0.45390625 0.13046875 0.028125 0.0671875
1 0.425 0.1359375 0.0234375 0.05625
1 0.475 0.1359375 0.0390625 0.0765625
1 0.409375 0.22578125 0.0234375 0.0625
1 0.43828125 0.24375 0.028125 0.0765625
1 0.48046875 0.26171875 0.034375 0.0828125
1 0.52109375 0.2796875 0.03125 0.0875
1 0.4328125 0.32578125 0.03125 0.0671875
1 0.46328125 0.34140625 0.046875 0.05625
1 0.490625 0.36171875 0.0546875 0.0875
1 0.5421875 0.40546875 0.0578125 0.071875